camera_matrix:
- - 2883.6680343088306
  - 0.0
  - 1528.28229681113
- - 0.0
  - 2854.6329612125287
  - 2092.9131533655072
- - 0.0
  - 0.0
  - 1.0
dist_coeff:
- - 0.17154661952222924
  - -0.7174791684901318
  - -0.003140315513626871
  - 0.005553893807081754
  - 0.9184491591216175
